OBJECTID,src_LOGCode,nbr_LOGCode,src_Avg_Buiding_Size,nbr_Avg_Buiding_Size,src_Inventory,nbr_Inventory,LENGTH,NODE_COUNT
1,LOG-LOSA-01,LOG-LOSA-11,183972,0,183972,0,0.045631474225733,0
2,LOG-LOSA-01,LOG-LOSA-13,183972,0,183972,0,0.039520478022774,0
3,LOG-LOSA-01,LOG-LOSA-33,183972,82285,183972,2139409,0.027308803699781,0
4,LOG-LOSA-01,LOG-LOSA-84,183972,92002,183972,184003,0.061921437156030,0
5,LOG-LOSA-02,LOG-LOSA-07,140147,244146,700735,1953171,0.000000000000000,6
6,LOG-LOSA-02,LOG-LOSA-39,140147,67994,700735,747930,0.007599299572952,0
7,LOG-LOSA-02,LOG-LOSA-81,140147,133193,700735,7725201,0.003330859603507,0
8,LOG-LOSA-03,LOG-LOSA-11,65760,0,1512491,0,0.138595920862175,0
9,LOG-LOSA-03,LOG-LOSA-53,65760,80212,1512491,1363597,0.056137839310699,0
10,LOG-LOSA-03,LOG-LOSA-61,65760,0,1512491,0,0.001725197090191,0
11,LOG-LOSA-03,LOG-LOSA-64,65760,70652,1512491,8336927,0.048322860575829,0
12,LOG-LOSA-03,LOG-LOSA-79,65760,118934,1512491,14509976,0.081839929947202,0
13,LOG-LOSA-05,LOG-LOSA-19,0,85069,0,6210051,0.048720073727077,0
14,LOG-LOSA-05,LOG-LOSA-33,0,82285,0,2139409,0.094589870224809,0
15,LOG-LOSA-05,LOG-LOSA-77,0,97310,0,3503148,0.059397909715382,0
16,LOG-LOSA-06,LOG-LOSA-72,93843,135188,21771546,22441252,0.000000000000000,4
17,LOG-LOSA-06,LOG-LOSA-79,93843,118934,21771546,14509976,0.121509794811233,0
18,LOG-LOSA-08,LOG-LOSA-07,109816,244146,1647236,1953171,0.001620743656370,0
19,LOG-LOSA-08,LOG-LOSA-09,109816,134040,1647236,7372178,0.000000000000000,4
20,LOG-LOSA-08,LOG-LOSA-10,109816,50179,1647236,551973,0.000000000000000,2
21,LOG-LOSA-08,LOG-LOSA-42,109816,0,1647236,0,0.000000160168092,0
22,LOG-LOSA-08,LOG-LOSA-54,109816,64209,1647236,1027350,0.000000000000000,4
23,LOG-LOSA-08,LOG-LOSA-60,109816,78296,1647236,1174444,0.000000000000000,2
24,LOG-LOSA-08,LOG-LOSA-86,109816,108623,1647236,868986,0.049209120233649,0
25,LOG-LOSA-09,LOG-LOSA-10,134040,50179,7372178,551973,0.000000000000000,1
26,LOG-LOSA-09,LOG-LOSA-54,134040,64209,7372178,1027350,0.000932865341303,0
27,LOG-LOSA-09,LOG-LOSA-81,134040,133193,7372178,7725201,0.000000000000000,1
28,LOG-LOSA-0A,LOG-LOSA-06,162027,93843,1782301,21771546,0.000000000000000,2
29,LOG-LOSA-0A,LOG-LOSA-29,162027,204209,1782301,612626,0.000000000000000,1
30,LOG-LOSA-0A,LOG-LOSA-30,162027,90125,1782301,720997,0.014684658929441,0
31,LOG-LOSA-0A,LOG-LOSA-67,162027,92637,1782301,1019005,0.015091720517082,0
32,LOG-LOSA-0A,LOG-LOSA-72,162027,135188,1782301,22441252,0.000000000000000,4
33,LOG-LOSA-0A,LOG-LOSA-79,162027,118934,1782301,14509976,0.027447716754459,0
34,LOG-LOSA-0B,LOG-LOSA-65,0,0,0,0,0.482766568852953,0
35,LOG-LOSA-0C,LOG-LOSA-25,0,92257,0,2121912,0.034168624899531,0
36,LOG-LOSA-0C,LOG-LOSA-75,0,189580,0,16683067,0.017164533462856,0
37,LOG-LOSA-10,LOG-LOSA-07,50179,244146,551973,1953171,0.024282770186955,0
38,LOG-LOSA-10,LOG-LOSA-81,50179,133193,551973,7725201,0.000000000000000,2
39,LOG-LOSA-12,LOG-LOSA-63,0,104890,0,2307581,0.000973999999943,0
40,LOG-LOSA-12,LOG-LOSA-89,0,0,0,0,0.008582536285127,0
41,LOG-LOSA-13,LOG-LOSA-11,0,0,0,0,0.021540679028518,0
42,LOG-LOSA-13,LOG-LOSA-33,0,82285,0,2139409,0.034612000000052,0
43,LOG-LOSA-13,LOG-LOSA-61,0,0,0,0,0.034967263275780,0
44,LOG-LOSA-14,LOG-LOSA-16,29105,38189,29105,381890,0.000000000000000,4
45,LOG-LOSA-14,LOG-LOSA-49,29105,133292,29105,4931810,0.000000000000000,4
46,LOG-LOSA-14,LOG-LOSA-63,29105,104890,29105,2307581,0.022781022027932,0
47,LOG-LOSA-14,LOG-LOSA-74,29105,170074,29105,3061331,0.000000000000000,7
48,LOG-LOSA-15,LOG-LOSA-16,37320,38189,186599,381890,0.000001094861988,0
49,LOG-LOSA-15,LOG-LOSA-63,37320,104890,186599,2307581,0.000000999971231,0
50,LOG-LOSA-15,LOG-LOSA-74,37320,170074,186599,3061331,0.000000000000000,2
51,LOG-LOSA-16,LOG-LOSA-63,38189,104890,381890,2307581,0.000000999971231,0
52,LOG-LOSA-16,LOG-LOSA-74,38189,170074,381890,3061331,0.000000000000000,2
53,LOG-LOSA-17,LOG-LOSA-40,95162,104891,761300,1573359,0.103952894309178,0
54,LOG-LOSA-17,LOG-LOSA-41,95162,66759,761300,600833,0.003675827661861,0
55,LOG-LOSA-18,LOG-LOSA-32,111624,155291,17190116,3571694,0.072303736819249,0
56,LOG-LOSA-18,LOG-LOSA-36,111624,117546,17190116,10461584,0.000001405066318,0
57,LOG-LOSA-18,LOG-LOSA-45,111624,126731,17190116,6970222,0.018393417980428,0
58,LOG-LOSA-18,LOG-LOSA-67,111624,92637,17190116,1019005,0.000000000000000,2
59,LOG-LOSA-18,LOG-LOSA-78,111624,94613,17190116,5582183,0.000000000000000,2
60,LOG-LOSA-19,LOG-LOSA-0D,85069,0,6210051,0,0.784143075031873,0
61,LOG-LOSA-19,LOG-LOSA-65,85069,0,6210051,0,0.196002566812171,0
62,LOG-LOSA-20,LOG-LOSA-02,265000,140147,265000,700735,0.000000000000000,3
63,LOG-LOSA-20,LOG-LOSA-07,265000,244146,265000,1953171,0.042893525898832,0
64,LOG-LOSA-20,LOG-LOSA-39,265000,67994,265000,747930,0.000000000000000,2
65,LOG-LOSA-21,LOG-LOSA-12,44400,0,133200,0,0.014400766098162,0
66,LOG-LOSA-21,LOG-LOSA-23,44400,41752,133200,167009,0.029797705138467,0
67,LOG-LOSA-22,LOG-LOSA-04,67888,79351,475214,317405,0.000000000000000,3
68,LOG-LOSA-22,LOG-LOSA-25,67888,92257,475214,2121912,0.000000000000000,4
69,LOG-LOSA-22,LOG-LOSA-26,67888,121121,475214,3997000,0.000000000000000,2
70,LOG-LOSA-22,LOG-LOSA-52,67888,79062,475214,158125,0.033239891142836,0
71,LOG-LOSA-22,LOG-LOSA-65,67888,0,475214,0,0.048319065088974,0
72,LOG-LOSA-22,LOG-LOSA-69,67888,44919,475214,179675,0.000000000000000,7
73,LOG-LOSA-23,LOG-LOSA-12,41752,0,167009,0,0.014403206133066,0
74,LOG-LOSA-23,LOG-LOSA-15,41752,37320,167009,186599,0.000275016362891,0
75,LOG-LOSA-23,LOG-LOSA-63,41752,104890,167009,2307581,0.000000000000000,9
76,LOG-LOSA-24,LOG-LOSA-41,98250,66759,9825026,600833,0.021715528078464,0
77,LOG-LOSA-26,LOG-LOSA-25,121121,92257,3997000,2121912,0.033593293211526,0
78,LOG-LOSA-27,LOG-LOSA-22,77106,67888,771059,475214,0.000000000000000,22
79,LOG-LOSA-27,LOG-LOSA-26,77106,121121,771059,3997000,0.059177035943630,0
80,LOG-LOSA-27,LOG-LOSA-44,77106,46084,771059,553005,0.003840295431290,0
81,LOG-LOSA-27,LOG-LOSA-73,77106,43000,771059,129000,0.000000000000000,3
82,LOG-LOSA-28,LOG-LOSA-12,60528,0,181585,0,0.000000000000000,2
83,LOG-LOSA-28,LOG-LOSA-21,60528,44400,181585,133200,0.017288735975404,0
84,LOG-LOSA-28,LOG-LOSA-53,60528,80212,181585,1363597,0.075838545724837,0
85,LOG-LOSA-28,LOG-LOSA-65,60528,0,181585,0,0.140190785986254,0
86,LOG-LOSA-28,LOG-LOSA-79,60528,118934,181585,14509976,0.076278568782781,0
87,LOG-LOSA-28,LOG-LOSA-89,60528,0,181585,0,0.009030308523253,0
88,LOG-LOSA-28,LOG-LOSA-91,60528,45427,181585,363416,0.011052157481798,0
89,LOG-LOSA-29,LOG-LOSA-30,204209,90125,612626,720997,0.043025472951151,0
90,LOG-LOSA-29,LOG-LOSA-32,204209,155291,612626,3571694,0.000000000000000,2
91,LOG-LOSA-30,LOG-LOSA-32,90125,155291,720997,3571694,0.000000000000000,3
92,LOG-LOSA-30,LOG-LOSA-67,90125,92637,720997,1019005,0.038155581288552,0
93,LOG-LOSA-32,LOG-LOSA-43,155291,53203,3571694,53203,0.000012000059350,0
94,LOG-LOSA-32,LOG-LOSA-67,155291,92637,3571694,1019005,0.034546180139554,0
95,LOG-LOSA-32,LOG-LOSA-78,155291,94613,3571694,5582183,0.000000000000000,5
96,LOG-LOSA-34,LOG-LOSA-03,51335,65760,718692,1512491,0.052246979456549,0
97,LOG-LOSA-34,LOG-LOSA-64,51335,70652,718692,8336927,0.081855456812350,0
98,LOG-LOSA-36,LOG-LOSA-15,117546,37320,10461584,186599,0.013867078809305,0
99,LOG-LOSA-36,LOG-LOSA-23,117546,41752,10461584,167009,0.040675476344419,0
100,LOG-LOSA-36,LOG-LOSA-45,117546,126731,10461584,6970222,0.000000000000000,2
101,LOG-LOSA-36,LOG-LOSA-50,117546,113999,10461584,7979936,0.000000000000000,2
102,LOG-LOSA-36,LOG-LOSA-74,117546,170074,10461584,3061331,0.009836438789959,0
103,LOG-LOSA-37,LOG-LOSA-46,28276,108129,56552,3568271,0.000000000000000,2
104,LOG-LOSA-37,LOG-LOSA-65,28276,0,56552,0,0.058254750209674,0
105,LOG-LOSA-37,LOG-LOSA-66,28276,67578,56552,202734,0.017305382052905,0
106,LOG-LOSA-37,LOG-LOSA-89,28276,0,56552,0,0.000000000000000,6
107,LOG-LOSA-39,LOG-LOSA-41,67994,66759,747930,600833,0.000000000000000,2
108,LOG-LOSA-39,LOG-LOSA-83,67994,150126,747930,14862476,0.014191092438838,0
109,LOG-LOSA-40,LOG-LOSA-43,104891,53203,1573359,53203,0.077187463799472,0
110,LOG-LOSA-41,LOG-LOSA-29,66759,204209,600833,612626,0.000944013241465,0
111,LOG-LOSA-41,LOG-LOSA-40,66759,104891,600833,1573359,0.018180040379152,0
112,LOG-LOSA-41,LOG-LOSA-43,66759,53203,600833,53203,0.008786765730419,0
113,LOG-LOSA-44,LOG-LOSA-22,46084,67888,553005,475214,0.039225221818003,0
114,LOG-LOSA-44,LOG-LOSA-65,46084,0,553005,0,0.017098228057419,0
115,LOG-LOSA-45,LOG-LOSA-78,126731,94613,6970222,5582183,0.010786506239986,0
116,LOG-LOSA-46,LOG-LOSA-04,108129,79351,3568271,317405,0.000000000000000,2
117,LOG-LOSA-46,LOG-LOSA-63,108129,104890,3568271,2307581,0.000000000000000,5
118,LOG-LOSA-46,LOG-LOSA-89,108129,0,3568271,0,0.000000000000000,4
119,LOG-LOSA-47,LOG-LOSA-03,70175,65760,771929,1512491,0.038632728488678,0
120,LOG-LOSA-47,LOG-LOSA-79,70175,118934,771929,14509976,0.065492514408273,0
121,LOG-LOSA-48,LOG-LOSA-04,88739,79351,6655435,317405,0.005683394936142,0
122,LOG-LOSA-49,LOG-LOSA-50,133292,113999,4931810,7979936,0.000000000000000,6
123,LOG-LOSA-49,LOG-LOSA-63,133292,104890,4931810,2307581,0.000000000000000,7
124,LOG-LOSA-49,LOG-LOSA-74,133292,170074,4931810,3061331,0.000000000000000,2
125,LOG-LOSA-50,LOG-LOSA-04,113999,79351,7979936,317405,0.000000000000000,4
126,LOG-LOSA-51,LOG-LOSA-03,92849,65760,2042688,1512491,0.000000000000000,6
127,LOG-LOSA-51,LOG-LOSA-42,92849,0,2042688,0,0.000000000000000,2
128,LOG-LOSA-51,LOG-LOSA-47,92849,70175,2042688,771929,0.022097631914326,0
129,LOG-LOSA-51,LOG-LOSA-55,92849,0,2042688,0,0.021891365534766,0
130,LOG-LOSA-51,LOG-LOSA-56,92849,58868,2042688,235473,0.000000000000000,2
131,LOG-LOSA-51,LOG-LOSA-79,92849,118934,2042688,14509976,0.000000000000000,2
132,LOG-LOSA-51,LOG-LOSA-86,92849,108623,2042688,868986,0.000000302236475,0
133,LOG-LOSA-52,LOG-LOSA-65,79062,0,158125,0,0.141942531449754,0
134,LOG-LOSA-53,LOG-LOSA-65,80212,0,1363597,0,0.045917861879766,0
135,LOG-LOSA-54,LOG-LOSA-60,64209,78296,1027350,1174444,0.000000000000000,3
136,LOG-LOSA-55,LOG-LOSA-57,0,90120,0,1171556,0.021356125734954,0
137,LOG-LOSA-55,LOG-LOSA-60,0,78296,0,1174444,0.000000000000000,1
138,LOG-LOSA-56,LOG-LOSA-58,58868,83110,235473,1579094,0.000011163330673,0
139,LOG-LOSA-56,LOG-LOSA-79,58868,118934,235473,14509976,0.000000000000000,2
140,LOG-LOSA-57,LOG-LOSA-56,90120,58868,1171556,235473,0.031126259672029,0
141,LOG-LOSA-57,LOG-LOSA-58,90120,83110,1171556,1579094,0.000000000000000,2
142,LOG-LOSA-57,LOG-LOSA-59,90120,75707,1171556,1135612,0.000000000000000,4
143,LOG-LOSA-57,LOG-LOSA-60,90120,78296,1171556,1174444,0.000000229509004,0
144,LOG-LOSA-58,LOG-LOSA-79,83110,118934,1579094,14509976,0.000000000000000,3
145,LOG-LOSA-59,LOG-LOSA-58,75707,83110,1135612,1579094,0.021284911674756,0
146,LOG-LOSA-59,LOG-LOSA-60,75707,78296,1135612,1174444,0.020248510761865,0
147,LOG-LOSA-59,LOG-LOSA-79,75707,118934,1135612,14509976,0.000000000000000,2
148,LOG-LOSA-60,LOG-LOSA-42,78296,0,1174444,0,0.000000000000000,2
149,LOG-LOSA-61,LOG-LOSA-11,0,0,0,0,0.049855803945521,0
150,LOG-LOSA-61,LOG-LOSA-33,0,82285,0,2139409,0.059047847934585,0
151,LOG-LOSA-62,LOG-LOSA-03,53177,65760,638127,1512491,0.056471241479721,0
152,LOG-LOSA-62,LOG-LOSA-51,53177,92849,638127,2042688,0.000000000000000,2
153,LOG-LOSA-62,LOG-LOSA-86,53177,108623,638127,868986,0.004609000000059,0
154,LOG-LOSA-64,LOG-LOSA-05,70652,0,8336927,0,0.000000000000000,6
155,LOG-LOSA-64,LOG-LOSA-11,70652,0,8336927,0,0.000000000000000,3
156,LOG-LOSA-64,LOG-LOSA-19,70652,85069,8336927,6210051,0.073777067443933,0
157,LOG-LOSA-64,LOG-LOSA-33,70652,82285,8336927,2139409,0.105687198865486,0
158,LOG-LOSA-64,LOG-LOSA-53,70652,80212,8336927,1363597,0.000000000000000,2
159,LOG-LOSA-64,LOG-LOSA-61,70652,0,8336927,0,0.036542041984361,0
160,LOG-LOSA-64,LOG-LOSA-65,70652,0,8336927,0,0.158638159632470,0
161,LOG-LOSA-65,LOG-LOSA-73,0,43000,0,129000,0.064764145983599,0
162,LOG-LOSA-65,LOG-LOSA-89,0,0,0,0,0.056651405110700,0
163,LOG-LOSA-66,LOG-LOSA-46,67578,108129,202734,3568271,0.000000000000000,9
164,LOG-LOSA-66,LOG-LOSA-65,67578,0,202734,0,0.000002000001803,0
165,LOG-LOSA-67,LOG-LOSA-36,92637,117546,1019005,10461584,0.000000000000000,4
166,LOG-LOSA-69,LOG-LOSA-04,44919,79351,179675,317405,0.092298180469043,0
167,LOG-LOSA-69,LOG-LOSA-52,44919,79062,179675,158125,0.023271558672556,0
168,LOG-LOSA-70,LOG-LOSA-24,109249,98250,7975191,9825026,0.019652234899664,0
169,LOG-LOSA-70,LOG-LOSA-71,109249,95870,7975191,191739,0.032265434680446,0
170,LOG-LOSA-70,LOG-LOSA-79,109249,118934,7975191,14509976,0.000000000000000,5
171,LOG-LOSA-71,LOG-LOSA-0A,95870,162027,191739,1782301,0.000000000000000,4
172,LOG-LOSA-71,LOG-LOSA-24,95870,98250,191739,9825026,0.000000000000000,2
173,LOG-LOSA-71,LOG-LOSA-29,95870,204209,191739,612626,0.000000000000000,1
174,LOG-LOSA-71,LOG-LOSA-30,95870,90125,191739,720997,0.000000000000000,1
175,LOG-LOSA-71,LOG-LOSA-41,95870,66759,191739,600833,0.020841503634163,0
176,LOG-LOSA-71,LOG-LOSA-79,95870,118934,191739,14509976,0.000000000000000,2
177,LOG-LOSA-72,LOG-LOSA-36,135188,117546,22441252,10461584,0.000000997314729,0
178,LOG-LOSA-72,LOG-LOSA-67,135188,92637,22441252,1019005,0.041017468351656,0
179,LOG-LOSA-73,LOG-LOSA-26,43000,121121,129000,3997000,0.000000000000000,2
180,LOG-LOSA-74,LOG-LOSA-50,170074,113999,3061331,7979936,0.000000000000000,2
181,LOG-LOSA-75,LOG-LOSA-04,189580,79351,16683067,317405,0.041426937396533,0
182,LOG-LOSA-75,LOG-LOSA-25,189580,92257,16683067,2121912,0.000000000000000,2
183,LOG-LOSA-75,LOG-LOSA-48,189580,88739,16683067,6655435,0.000000000000000,3
184,LOG-LOSA-76,LOG-LOSA-04,109884,79351,5494210,317405,0.000000000000000,9
185,LOG-LOSA-76,LOG-LOSA-48,109884,88739,5494210,6655435,0.000000000000000,6
186,LOG-LOSA-76,LOG-LOSA-50,109884,113999,5494210,7979936,0.044880492062386,0
187,LOG-LOSA-77,LOG-LOSA-19,97310,85069,3503148,6210051,0.084566671794505,0
188,LOG-LOSA-77,LOG-LOSA-33,97310,82285,3503148,2139409,0.065915212123280,0
189,LOG-LOSA-77,LOG-LOSA-84,97310,92002,3503148,184003,0.000034127393042,0
190,LOG-LOSA-78,LOG-LOSA-43,94613,53203,5582183,53203,0.056194943467183,0
191,LOG-LOSA-79,LOG-LOSA-53,118934,80212,14509976,1363597,0.071510826716140,0
192,LOG-LOSA-79,LOG-LOSA-72,118934,135188,14509976,22441252,0.000000000000000,4
193,LOG-LOSA-81,LOG-LOSA-07,133193,244146,7725201,1953171,0.000000000000000,2
194,LOG-LOSA-81,LOG-LOSA-54,133193,64209,7725201,1027350,0.000000000000000,2
195,LOG-LOSA-81,LOG-LOSA-83,133193,150126,7725201,14862476,0.036782139525748,0
196,LOG-LOSA-82,LOG-LOSA-54,72621,64209,1525047,1027350,0.000000000000000,2
197,LOG-LOSA-82,LOG-LOSA-59,72621,75707,1525047,1135612,0.000000000000000,2
198,LOG-LOSA-82,LOG-LOSA-60,72621,78296,1525047,1174444,0.000000000000000,5
199,LOG-LOSA-82,LOG-LOSA-70,72621,109249,1525047,7975191,0.015502157916094,0
200,LOG-LOSA-82,LOG-LOSA-79,72621,118934,1525047,14509976,0.000002575268947,0
201,LOG-LOSA-83,LOG-LOSA-24,150126,98250,14862476,9825026,0.000000000000000,2
202,LOG-LOSA-83,LOG-LOSA-41,150126,66759,14862476,600833,0.000000000000000,6
203,LOG-LOSA-83,LOG-LOSA-54,150126,64209,14862476,1027350,0.000000000000000,3
204,LOG-LOSA-83,LOG-LOSA-82,150126,72621,14862476,1525047,0.000000000000000,1
205,LOG-LOSA-84,LOG-LOSA-33,92002,82285,184003,2139409,0.046486000000101,0
206,LOG-LOSA-85,LOG-LOSA-03,44254,65760,1371889,1512491,0.000000000000000,8
207,LOG-LOSA-85,LOG-LOSA-34,44254,51335,1371889,718692,0.000000000000000,3
208,LOG-LOSA-85,LOG-LOSA-53,44254,80212,1371889,1363597,0.000000000000000,4
209,LOG-LOSA-85,LOG-LOSA-64,44254,70652,1371889,8336927,0.096751414698554,0
210,LOG-LOSA-86,LOG-LOSA-07,108623,244146,868986,1953171,0.054459319443882,0
211,LOG-LOSA-86,LOG-LOSA-42,108623,0,868986,0,0.028481186181343,0
212,LOG-LOSA-87,LOG-LOSA-04,49548,79351,644128,317405,0.009611630791217,0
213,LOG-LOSA-87,LOG-LOSA-46,49548,108129,644128,3568271,0.030966674705786,0
214,LOG-LOSA-87,LOG-LOSA-49,49548,133292,644128,4931810,0.018429615717552,0
215,LOG-LOSA-87,LOG-LOSA-63,49548,104890,644128,2307581,0.000000000000000,6
216,LOG-LOSA-88,LOG-LOSA-04,81936,79351,1556785,317405,0.000000945508960,0
217,LOG-LOSA-88,LOG-LOSA-46,81936,108129,1556785,3568271,0.000000000000000,1
218,LOG-LOSA-88,LOG-LOSA-52,81936,79062,1556785,158125,0.000002999999761,0
219,LOG-LOSA-88,LOG-LOSA-65,81936,0,1556785,0,0.037912000477457,0
220,LOG-LOSA-88,LOG-LOSA-66,81936,67578,1556785,202734,0.009202215682565,0
221,LOG-LOSA-88,LOG-LOSA-69,81936,44919,1556785,179675,0.000000945508960,0
222,LOG-LOSA-89,LOG-LOSA-63,0,104890,0,2307581,0.009601797853427,0
223,LOG-LOSA-90,LOG-LOSA-0B,135773,0,2715467,0,0.287483256450541,0
224,LOG-LOSA-90,LOG-LOSA-0D,135773,0,2715467,0,0.212990533993839,0
225,LOG-LOSA-90,LOG-LOSA-19,135773,85069,2715467,6210051,0.412694572102139,0
226,LOG-LOSA-90,LOG-LOSA-65,135773,0,2715467,0,0.379708311105208,0
227,LOG-LOSA-91,LOG-LOSA-21,45427,44400,363416,133200,0.019943950154587,0
228,LOG-LOSA-91,LOG-LOSA-23,45427,41752,363416,167009,0.022898396541484,0
229,LOG-LOSA-91,LOG-LOSA-72,45427,135188,363416,22441252,0.000000000000000,6
230,LOG-LOSA-91,LOG-LOSA-79,45427,118934,363416,14509976,0.009732425066528,0
231,LOG-LOSA-92,LOG-LOSA-01,0,183972,0,183972,0.072462919332871,0
232,LOG-LOSA-92,LOG-LOSA-11,0,0,0,0,0.179175424271260,0